0.5905413485000001
Maior: 2.984444942
Menor: -1.803362245